1
1
7
0
8
5
0
3
34
37
32
42
25
4
3
6
8
2
5
5
3
7
5
13
8
9
2
3
5
7
8
8
24
12
6
7
24
15
11
23
6
14
9
12
19
17
21
17
5
9
7
21
22
38
12
23
34
33
37
31
13
28
6
38
20
41
13
52
18
19
21
34
30
39
42
22
11
23
63
44
24
44
27
9
29
51
37
50
46
34
8
27
71
38
42
37
23
12
33
45
63
55
61
40
8
38
93
98
88
65
13
17
23
73
85
52
55
17
5
28
25
17
27
27
2
1
28
9
27
27
29
3
1
31
15
35
30
36
5
2
35
26
33
18
24
2
1
28
8
44
32
38
1
4
40
10
54
26
46
7
1
46
34
68
46
40
11
3
75
46
53
55
63
5
2
90
48
53
49
40
4
3
66
7
41
34
43
6
1
62
17
48
45
44
0
2
86
41
38
51
68
5
2
73
39
40
43
63
1
1
112
44
95
81
77
1
2
102
31
74
86
61
9
1
120
75
132
116
166
13
10
315
91
310
283
268
23
29
233
337
508
482
585
30
55
502
489
562
450
403
193
123
1425
671
593
613
1039
87
148
635
649
634
1170
505
380
374
959
967
976
683
1375
376
356
765
833
1030
1625
2235
557
207
1244
1446
1372
1276
1385
1993
446
751
1400
2190
1949
1375
409
1134
2269
1176
2919
1243
599
427
342
2164
1891
2324
1364
976
201
278
2470
1583
636
2115
1280
1219
755
1864
480
2292
990
887
300
325
708
995
947
1061
792
418
309
585
552
884
310
818
615
342
427
590
799
586
487
326
216
282
207
879
692
512
355
222
347
478
612
589
596
324
223
263
449
