2.7410329533683484
4.6054754661143
5.384281271370038
5.11915719650233
4.278702573741788
3.2179242816161677
2.3201303675406963
1.7590290654615335
1.2130788934609753
0.8575093554609358
0.6057162948344389
0.3611005390658834
0.24318316168191223
0.26925011162865214
0.3651263939841975
0.4438804002231529
0.6287064802846273
0.8681338520835488
1.0745517027971931
1.077256570773531
1.0839332260065109
1.0226933021950768
1.0507815182531144
0.93413616478306
0.9314162947386472
1.266264006086672
1.5013073588012427
1.5290394920747332
1.4621201125144765
1.6449731601889968
1.621332571538845
1.5142715776261002
1.350984863339913
1.1566138090124436
1.171589057639403
1.1452175519604213
0.9820187879488711
1.0004190469629834
1.0546984438725864
1.0348728043121576
1.1463492819673933
1.0440526919305895
1.02605953226343
0.960811339659627
0.9751247310920014
1.0289704071043457
1.2074095784592036
1.1551181811287083
1.3045658083161302
1.4960716054476897
1.6562334021925698
1.6641899457664409
1.5666834814297472
1.2330796335632046
1.2143488017320285
1.0419997588091654
1.023705171024952
0.9348735584400937
0.9522481329499635
0.8623768660379757
1.0876596726024994
1.0530901821526928
1.1288748126200412
1.021762996040132
1.0785853567526078
1.005159444316928
1.1322334851292866
1.0711663720048543
1.076167205596265
1.0169037427461645
1.0123704490542635
1.1489487328926302
1.2127389138265923
1.1177679612834395
1.0903951776902827
1.0805519777126638
1.049139709575312
1.0593162048079774
0.9949543426633749
0.9554855099604515
1.0643612097601052
1.0773172981334131
1.1040642971768464
1.0855570376176786
1.0574321544636487
1.1203339230054203
1.1078314162268936
1.0561471565607443
0.9998934751411238
0.9433990733058056
0.9550054920191401
0.9847778838518023
0.8947677588572918
1.0005371795053855
1.0655611316801246
1.1699615651315827
1.2287273774745022
1.1819054568396754
1.1551699093343382
1.282629016493697
1.359216998215252
1.4078057897578828
1.3364527395628145
1.167194936951225
1.1184697208015748
1.0314538632642993
0.954611421832177
0.9118132763323342
0.8251380031410258
0.8135789236838271
0.8495385466649582
0.8510768014492668
0.8986620903428386
0.7885173489942546
0.6059146069509089
0.5518273802529684
0.4976776853415799
0.49459419942620947
0.5421883163959005
0.619149777525063
0.6157416234539805
0.7498192770866707
0.8260042342353453
0.9052020777806896
0.9594411765142548
0.9877397477040123
1.025792516357204
1.0793776679049423
1.1413242773717482
1.152086533446224
1.181200968852911
1.1628265472383073
1.1330221252475985
1.1257584640059748
1.1706796879241266
1.1279896422379447
1.018405835160191
0.916392913285671
0.8876512235138505
0.8893272328899914
0.8638587411376786
0.7671567006877538
0.8669873319555991
1.0042281185819855
1.1469680934494706
1.1547169007151705
1.1587325392333596
1.2110213732818962
1.1861891441688395
1.2113791259635849
1.1281432057792955
1.1369558499664576
1.1389143360629277
1.0918801042340973
1.0993970581606725
1.21157796441298
1.2641396602258879
1.3308273297298516
1.2396843853058837
1.1914315235877218
1.141206166704779
1.2241123253640362
1.2367112663490911
1.1308846073373477
1.1205132122710444
1.1713451604024556
1.1190184808817982
1.0848626713236333
1.1099466160426994
1.0945299216088222
1.0736980189323861
1.0337604328935013
0.9425129077096117
0.9314100133804505
0.9387895043794917
0.8721516475486789
0.7487518116194222
0.726095722725668
0.704632858830135
0.7595971595559134
0.8206714015368561
0.8650012318087541
0.890332179768484
0.9700318895971262
1.029330804379749
1.097228547153797
1.1012021501276252
1.0571650857564172
1.0420643373981662
1.1389797179499912
1.2373425695492455
1.1668005028662307
1.151816765855569
1.21081758338624
1.1921950625950606
1.1506670203188079
1.0596085227148915
1.0197468929859692
1.008311341440322
0.9725209662633691
0.9535961332275872
0.9430525394207153
0.9477421563244689
1.1022681100413236
1.1316007099852723
1.3261765552825886
1.4290716083340758
1.4068941111334765
1.3097506346461398
1.217950456308718
1.115578416953613
1.0306750766547847
0.9477876463057888
0.9499039314131075
0.9130876487361157
0.9447480175000224
0.9574280878254149
1.0198287374895745
1.148754884078091
1.3044948349160954
1.3562548402958843
1.5572869245084844
1.4661954438050813
1.3642033264909177
1.6349591274971231
1.5409923071007225
1.7007369065038056
1.7876238506434565
1.7338904764080343
1.5414232255492413
1.383284896385319
1.1713978613586278
1.302393678897848
1.4057897806094226
1.4971380060291948
1.6358454842657404
1.5058967720117147
1.3770359876207776
1.4028525090316577
1.3768252065821955
1.308874118690322
1.2078571855058968
1.0597227294202454
1.0796853878271087
1.0811067785116992
1.4266345909487128
1.4676479048450841
1.3996190410338598
1.3453148729651954
1.4400556394219635
1.3124514595202263
1.228769236423303
0.9534109207597217
0.9054061472165522
0.9040907554090449
1.0506862545742748
0.940400946300876
1.0186174216641428
1.0776811133570505
1.1578503227195418
1.2228274326045165
1.2732141349253585
1.1121093325577094
1.2521471148813885
1.205608313052386
1.156247445105796
1.0722598727011523
1.0114520263805598
1.0008395369979923
1.1659858627446553
1.31891801313482
1.3233963914255307
1.2350747853090163
1.2399527406532422
1.2694594407063302
1.26113146613374
1.1534053403800986
0.987118434386766
1.1353852505468174
1.1490271031145105
1.0703372541926435
1.0387037201316156
1.1141248920919156
1.1781111879043678
1.1564535548956743
0.9475367199890176
0.9945583793790451
1.148373972327017
1.1250629941145265
1.1857050405028373
1.0821155714801747
0.9712306125396246
0.9508962117777761
0.8698161868518984
0.8677093475514738
0.9579007409463346
0.9228887088319597
0.9533947730954688
1.0069530878896982
0.9936569902423995
0.9905489812081842
1.0240188801311678
0.9913200270682732
0.808068891329421
0.8909802547227164
0.9443217300918196
1.087366916950832
1.1614141248270924
1.085066528181783
0.9349909379706404
1.096056040102796
0.9687365599189863
0.9215575888415439
0.8209230412991205
0.7837628426749067
0.6766483606099802
0.7693136781428072
0.6491541157889114
0.7023479723293413
0.7406955861066172
0.8159396554324867
0.8688000752462754
0.892340200181905
0.844050724425332
0.8550154453909806
0.7362715067588891
0.7668316983247838
0.8446735181412302
0.8983602985345642
0.9025928683893572
0.9384223784544727
0.9378923936113096
1.0202155556640484
0.9505737098247061
0.8827922975580491
0.8565690429709999
0.8350900542635084
0.7590739265108892
0.8086565246190461
0.8767863832929664
0.92609701220454
0.9681777042903587
0.9907613505150534
1.0215203647562578
1.1110398787982112
1.0222098587167476
0.9761686498042339
0.9915114385602642
0.9809776752555166
0.9844841098638508
0.9621137557566786
0.9569546805975813
