0.0
0.0168117221099937
0.1187444089482403
0.1951651775767781
0.1956938168517103
0.1588642361520384
0.114863177661842
0.07720210139452979
0.04934840466711361
0.03040928379256239
0.01822292766008794
0.01068290665484889
0.006152562167580415
0.003491970404599649
0.001957755006034343
0.001086213027677217
0.0005972694969024412
0.0003258602338061631
0.0001765681352927425
9.509463342600706e-05
5.093886414542215e-05
2.715404592767973e-05
1.441181504122644e-05
7.618674899378931e-06
4.013015160331246e-06
2.106817779967679e-06
1.102721058687802e-06
5.755601034662644e-07
2.996360110918412e-07
1.556171931538227e-07
8.064076497671346e-08
4.17014267339865e-08
2.152315390357975e-08
1.108850580244787e-08
5.702955085951071e-09
2.928430942183966e-09
1.50144270349983e-09
7.687335878969708e-10
3.930545222630134e-10
2.007076504995086e-10
1.023732432159358e-10
5.216462817259042e-11
2.653914865646795e-11
1.349043099452269e-11
6.856581968861478e-12
3.475775223193965e-12
1.759237200360523e-12
8.855804978224965e-13
4.412692433675121e-13
2.444267011014735e-13
1.007638417149782e-13
6.892264536872923e-14
2.804423360203129e-14
1.563194018672212e-14
7.460698725481032e-15
0.0
1.234568003383173e-14
0.0
3.508304757815491e-15
0.0
4.640732242933153e-15
2.531308496145357e-15
1.265654248072678e-15
8.437694987151188e-16
0.0
0.0
0.0
0.0
0.0
0.0
0.0
0.0
0.0
0.0
0.0
0.0
0.0
0.0
0.0
0.0
0.0
0.0
0.0
0.0
0.0
0.0
0.0
0.0
0.0
0.0
0.0
0.0
0.0
0.0
0.0
0.0
0.0
0.0
0.0
0.0
0.0
0.0
0.0
0.0
0.0
0.0
0.0
0.0
0.0
0.0
0.0
0.0
0.0
0.0
0.0
0.0
0.0
0.0
0.0
0.0
0.0
0.0
0.0
0.0
0.0
0.0
0.0
0.0
0.0
0.0
0.0
0.0
0.0
0.0
0.0
0.0
0.0
0.0
0.0
0.0
0.0
0.0
0.0
0.0
0.0
0.0
0.0
0.0
0.0
0.0
0.0
0.0
0.0
0.0
0.0
0.0
0.0
0.0
0.0
0.0
0.0
0.0
0.0
0.0
0.0
0.0
0.0
0.0
0.0
0.0
0.0
0.0
0.0
0.0
0.0
0.0
0.0
0.0
0.0
0.0
0.0
0.0
0.0
0.0
0.0
0.0
0.0
0.0
0.0
0.0
0.0
0.0
0.0
0.0
0.0
0.0
0.0
0.0
0.0
0.0
0.0
0.0
0.0
0.0
0.0
0.0
0.0
0.0
0.0
0.0
0.0
0.0
0.0
0.0
0.0
0.0
0.0
0.0
0.0
0.0
0.0
0.0
0.0
0.0
0.0
0.0
0.0
0.0
0.0
0.0
0.0
0.0
0.0
0.0
0.0
0.0
0.0
0.0
0.0
0.0
0.0
0.0
0.0
0.0
0.0
0.0
0.0
0.0
0.0
0.0
0.0
0.0
0.0
0.0
0.0
0.0
0.0
0.0
0.0
0.0
0.0
0.0
0.0
0.0
0.0
0.0
0.0
0.0
0.0
0.0
0.0
0.0
0.0
0.0
0.0
0.0
0.0
0.0
0.0
0.0
0.0
0.0
0.0
0.0
0.0
0.0
0.0
0.0
0.0
0.0
0.0
0.0
0.0
0.0
0.0
0.0
0.0
0.0
0.0
0.0
0.0
0.0
0.0
0.0
0.0
0.0
0.0
0.0
0.0
0.0
0.0
0.0
0.0
0.0
0.0
0.0
0.0
0.0
0.0
0.0
0.0
0.0
0.0
0.0
0.0
0.0
0.0
0.0
0.0
0.0
0.0
0.0
0.0
0.0
0.0
0.0
0.0
0.0
0.0
0.0
0.0
0.0
0.0
0.0
0.0
0.0
